545.407230879 350.330140663
524.408692473 359.440901068
509.197104102 400.174681427
505.522269778 424.679331801
508.902400078 451.968874419
508.710995676 505.720555393
507.375954997 681.0565009
507.687073304 2298.47937752
521.845429668 4381.18141223
543.524624967 1522.95197376
566.988516946 821.863050057
591.657762982 575.983632453
624.779434132 582.659036461
656.28126724 797.500142979
683.38227303 2337.42361335
685.538434643 23004.9696403
697.006330222 2704.46005199
703.877884604 1471.88560806
713.512490422 1078.94361411
733.587448186 1474.94733076
758.584563903 5243.43599494
800.125750418 14294.2216162
885.582167625 4817.33113576
937.985181769 4450.99745614
954.67682747 34203.5701444
959.111940893 4245.18969732
924.998019941 1235.65646266
889.970773063 779.805334966
836.458499038 619.361369345
766.994357904 544.588358814
701.100957685 509.585316658
647.792153279 555.309675017
603.825733992 614.554081008
559.890711378 916.296984381
515.976923999 1315.04019739
486.1149957 2135.36485635
458.312631611 222593.429666
438.025590385 7668.05682009
420.691972671 1938.06409004
405.978143602 1392.43589541
395.518165737 902.360089723
389.13216631 724.1627873
386.016864039 602.872845919
389.654108284 494.556839961
399.360553161 571.591861308
415.245641404 907.216556895
429.995346592 1518.98061759
452.04729016 6709.12179455
483.304078593 3100.96935814
512.89304209 1543.69167965
543.533027276 1813.83542185
571.20400301 5538.63249816
601.771581822 3063.55451085
628.868281907 1236.71846446
675.302960507 756.88199127
718.297666622 577.32986937
760.110560816 522.319965064
803.274373747 675.08555237
826.49540944 790.557052014
834.359181999 819.683518689
855.121638048 952.356129142
830.892547676 882.05022782
798.216486061 832.162483816
752.109509637 764.765764588
699.110120776 617.772745515
671.680182614 659.059917269
654.60324151 704.102187957
645.537732166 692.325771571
644.943243255 896.989979276
649.746119427 1379.06834407
670.283389174 2689.08428936
717.121632221 9225.62184111
771.061265009 7185.15228135
853.646201392 1568.78090191
936.825957476 819.222624505